0	1
2	3
4	5
6	7
6	8
6	9
6	10
11	12
13	14
15	16
17	18
19	20
21	22
23	24
25	26
27	28
29	30
31	32
33	34
35	36
30	37
38	18
39	40
41	42
20	43
44	45
46	47
22	35
48	49
50	51
12	52
32	53
54	55
56	4
57	38
57	17
57	58
59	60
61	62
63	64
63	65
53	39
66	67
68	69
70	71
72	73
72	74
75	76
18	77
18	78
18	79
62	80
81	56
64	82
83	84
58	18
67	85
86	87
86	88
86	15
89	90
89	91
92	93
92	94
95	72
96	97
98	99
100	101
102	92
103	104
105	106
107	19
108	109
110	86
110	111
112	113
114	89
115	116
117	100
118	119
28	70
26	68
1	54
106	120
121	122
123	13
36	124
109	125
119	126
116	61
127	89
128	129
130	131
132	133
134	135
134	136
134	137
131	29
138	27
139	25
129	23
140	0
113	123
97	141
42	21
142	143
144	145
99	146
147	148
149	72
150	92
151	66
152	108
152	151
153	105
154	148
47	95
47	149
125	117
52	102
52	150
155	12
146	118
141	115
122	33
40	156
157	158
3	159
160	121
161	162
163	75
164	165
133	161
165	103
165	166
165	167
120	96
168	2
87	16
169	46
159	101
170	171
126	157
143	154
143	172
173	165
80	163
156	168
79	134
174	175
176	143
177	178
16	57
16	6
179	46
111	180
167	104
171	181
91	48
74	44
182	183
94	50
184	155
184	11
158	177
185	186
185	187
5	176
5	41
24	188
181	43
166	104
187	189
73	44
37	147
190	182
90	48
93	50
60	191
82	170
186	152
192	142
7	63
193	173
193	164
193	194
175	153
136	193
195	114
195	127
196	31
71	130
148	192
148	184
65	197
198	13
8	63
172	182
135	193
137	193
55	128
88	16
145	132
145	81
180	110
69	144
84	59
84	112
101	185
9	63
197	107
34	163
199	174
85	117
78	134
76	169
76	179
124	190
178	200
191	198
43	160
10	63
14	110
200	199
162	39
77	134
188	195
183	196
194	165

