total node number: 2693933
160699
2504950
2150103
705801
430494
216212
88949
485199
2140433
274061
455874
2473196
223962
105414
443809
262598
2149251
259300
2053949
2509328
447793
220730
2145983
2124588
2471697
2053169
217975
2433510
2473214
88977
217941
101131
261798
456657
269421
217130
686132
88935
752867
2693742
2149373
277518
456269
2149376
90274
691128
690302
456645
438523
690819
483988
703766
446748
485089
219740
686176
686203
836789
2148428
2124597
438634
691139
456625
2471863
479816
743457
446735
222767
2046249
261889
273556
234801
226428
2053202
424762
2471756
834201
692469
686214
683725
727638
2213651
269312
456870
478859
458938
2054030
262103
253446
2149305
2139015
80245
481080
2140083
106473
257858
2433529
724584
2124814
2472684
745016
2053237
468903
691786
2150031
79984
825590
478032
2148575
217351
106906
485096
277049
2142270
873404
262830
836785
2053101
747340
79215
274924
253400
217955
752529
444707
262006
2148388
80911
831006
446089
2509463
410591
432445
413243
2439973
748736
2433520
93934
222647
84438
105407
456965
753263
2433959
218295
98414
218516
456433
697577
834404
216155
725452
2693878
743674
2433532
2142393
696426
446703
274892
833030
105471
456840
2053173
101451
459289
232010
97716
226407
105436
229589
2142469
219711
690247
80229
6820
228508
430812
703780
700334
686245
728096
224186
102324
711622
2455922
2471822
481257
273560
444621
410536
217982
727704
277493
217992
439504
477972
689661
2053189
2637396
438526
248275
2500587
741309
253463
2048475
477974
2053156
745039
2139023
485102
466813
216267
75887
481758
2482151
2053181
727708
411653
471973
2053175
692441
75896
2470854
836787
289479
2148370
261951
438496
767936
2139028
2140440
726338
697585
2066412
219688
133027
485077
485011
217083
228325
438535
269957
259598
743496
105467
727734
697567
2150135
745972
833790
226420
485123
273546
222749
98292
260770
2048115
98286
830867
261601
262848
686100
430857
253487
752564
2054750
439476
755474
485185
834601
2474321
217998
222740
2465708
477359
726247
2148640
469560
234604
2142851
479627
224371
98267
2148434
80710
834417
222731
831037
269466
825492
256271
2138516
277495
479713
234574
837857
744765
446892
755152
80219
479587
2139116
752884
270139
439387
2434918
755365
724704
727828
410920
2438548
225405
468021
690980
2443656
755703
2438532
456455
216418
2124778
2050520
88814
233160
438628
456666
444031
438504
436193
438607
282801
230588
224202
253388
465680
2509631
484398
436442
2474542
