0	1
2	3
4	5
6	7
6	8
9	10
9	11
9	12
13	14
15	16
17	18
19	20
21	22
23	24
25	26
14	27
28	29
3	30
31	32
33	34
35	36
37	38
39	40
41	42
43	44
45	46
20	47
48	49
48	37
24	50
51	52
51	35
34	32
53	48
54	55
56	57
58	59
60	61
11	62
63	42
64	45
50	65
50	66
67	68
42	51
69	70
71	72
62	73
62	74
62	75
1	76
77	78
27	79
7	80
68	81
61	82
10	62
83	17
30	84
85	86
87	15
87	88
84	89
22	90
26	91
92	93
94	54
95	96
97	98
99	87
100	69
101	71
102	103
104	105
104	106
104	107
86	92
65	87
108	109
110	53
111	108
112	113
114	54
115	116
117	118
119	71
120	69
121	67
122	102
59	123
124	125
125	126
116	127
79	128
118	129
80	130
80	131
49	38
132	19
52	36
133	134
135	136
57	124
44	9
44	137
98	138
139	123
96	140
141	142
126	4
76	143
91	144
145	23
90	146
18	58
136	147
148	142
149	139
103	47
66	150
138	117
140	115
151	152
150	111
153	154
155	132
89	156
157	158
8	159
160	41
160	63
161	162
74	104
163	99
40	64
164	152
78	165
47	166
167	158
123	149
123	168
134	45
16	163
16	160
73	104
169	161
170	171
172	85
173	135
82	174
175	77
176	158
166	177
46	178
179	141
179	148
81	95
180	176
180	167
180	157
168	181
168	43
168	182
183	58
184	53
177	60
93	153
29	175
29	145
75	104
162	185
144	186
113	187
113	188
12	62
152	189
152	190
181	44
191	183
147	169
143	192
146	193
171	184
171	110
106	194
131	133
36	119
36	101
127	33
156	16
189	195
165	85
196	178
88	125
128	179
197	180
32	170
142	120
142	100
105	194
38	114
38	94
188	83
154	196
198	152
195	122
199	172
178	6
185	121
194	200
194	201
194	197
137	198
137	202
137	151
137	164
182	44
201	180
129	173
187	191
190	155
202	152
5	199
130	39
107	194
174	31
186	2
109	56
193	28
192	13
200	180

